2002.000000 / 5.000000 / 21.000000 --  22.000000 : 13.000000 : 26.755000 
d_mean_LS =================================== 
8.686396  4.182991  2.506243
1.807798  1.693391  1.505769
1.474784  1.463362  1.423220
8.809661  4.298015  2.649186
1.921893  1.718320  1.490320
1.237959  1.096758  0.994583
9.672522  6.446851  4.155804
2.176773  1.764191  0.834147
0.534402  0.405283  0.321439
d_mean_TLS =================================== 
971.699620  2811.348815  279.979217
135.205078  125.820217  19.027386
9.878308  10.163307  5.164496
2121.796913  844.359716  320.334224
119.835049  63.657299  26.712720
13.772330  9.843151  7.723689
4157.528040  365.166629  254.166097
162.398831  190.035492  53.256387
37.863942  12.539083  9.342364
d_mean_MLS =================================== 
69.215577  22.428077 18.987093
11.690151  9.228000 7.599620
8.745237  10.146833 24.346200
64.464324  22.259392 50.488318
13.348145  28.997109 7.925190
5.920265  6.151166 3.993055
76.183940  43.303176 17.482422
4.129199  2.168016 0.852840
0.530620  0.411014 0.321462
d_std_LS =================================== 
6.232763  2.955936  1.453429
0.779951  0.680204  0.475642
0.422442  0.368787  0.350917
6.246678  2.976013  1.639277
0.935864  0.745817  0.593745
0.483009  0.434386  0.436691
6.977162  4.366520  2.600116
1.284202  1.140662  0.571422
0.386155  0.288970  0.230642
d_std_TLS =================================== 
2643.964084  33419.033556  1163.994927
819.407116  890.327104  57.381209
28.926818  65.401230  7.462755
18539.186834  6378.407921  2141.138155
537.064110  160.668234  100.066305
43.360745  23.174748  17.554336
50034.988412  1203.431804  1299.734216
565.930558  1532.835554  214.538028
265.671181  42.875505  44.133721
d_std_MLS =================================== 
384.746186  66.910703 70.686793
34.126058  24.022342 20.823141
25.171686  45.717190 322.384771
224.243815  69.799617 726.358238
64.860243  234.055506 18.186168
23.198379  32.096756 17.737681
297.985967  173.488357 71.666987
21.738047  7.846984 0.596185
0.385125  0.296249 0.227418
BER_MF1 ===================================== 
0.482500  0.390000 0.360000
0.222500  0.172500 0.035000
0.002500  0.000000 0.000000
0.475000  0.397500 0.357500
0.242500  0.202500 0.112500
0.052500  0.032500 0.017500
0.482500  0.445000 0.485000
0.457500  0.525000 0.482500
0.455000  0.490000 0.475000
BER_DD1 ===================================== 
0.447500  0.430000 0.402500
0.320000  0.262500 0.075000
0.015000  0.007500 0.000000
0.455000  0.412500 0.360000
0.255000  0.245000 0.045000
0.027500  0.002500 0.000000
0.432500  0.437500 0.417500
0.305000  0.260000 0.090000
0.007500  0.000000 0.000000
BER_MF ====================================== 
0.482500  0.390000 0.360000
0.222500  0.172500 0.035000
0.002500  0.000000 0.000000
0.475000  0.397500 0.357500
0.242500  0.202500 0.112500
0.052500  0.032500 0.017500
0.482500  0.445000 0.485000
0.457500  0.525000 0.482500
0.455000  0.490000 0.475000
BER_DD ====================================== 
0.447500  0.430000 0.402500
0.320000  0.262500 0.075000
0.015000  0.007500 0.000000
0.455000  0.412500 0.360000
0.255000  0.245000 0.045000
0.027500  0.002500 0.000000
0.432500  0.437500 0.417500
0.305000  0.260000 0.090000
0.007500  0.000000 0.000000
BER_LS ====================================== 
0.475000  0.375000 0.367500
0.212500  0.177500 0.042500
0.007500  0.000000 0.000000
0.475000  0.410000 0.350000
0.275000  0.205000 0.117500
0.032500  0.015000 0.000000
0.457500  0.442500 0.430000
0.387500  0.317500 0.175000
0.052500  0.027500 0.005000
BER_TLS ===================================== 
0.477500  0.377500 0.375000
0.217500  0.202500 0.080000
0.052500  0.012500 0.025000
0.465000  0.412500 0.345000
0.275000  0.200000 0.140000
0.087500  0.072500 0.050000
0.452500  0.442500 0.432500
0.372500  0.327500 0.255000
0.262500  0.265000 0.225000
BER_MLS ===================================== 
0.462500  0.442500 0.447500
0.347500  0.317500 0.217500
0.150000  0.087500 0.095000
0.512500  0.462500 0.390000
0.355000  0.322500 0.297500
0.150000  0.137500 0.067500
0.477500  0.432500 0.450000
0.397500  0.310000 0.192500
0.047500  0.032500 0.002500
2002.000000 / 5.000000 / 21.000000 --  23.000000 : 17.000000 : 5.406000 
d_mean_LS =================================== 
8.609158  4.493379  2.586894
1.803794  1.673272  1.504787
1.464542  1.452237  1.445737
8.459014  4.508459  2.653180
1.857238  1.724825  1.458897
1.280856  1.132296  1.005324
10.095642  6.538156  4.268396
2.203284  1.735108  0.829740
0.543401  0.405957  0.320964
d_mean_TLS =================================== 
1909.885297  1163.887637  431.114468
165.353693  142.146961  29.557794
32.131946  26.237857  8.866191
1562.913425  1102.617983  477.864798
185.671025  157.491215  65.164747
25.337468  17.153896  89.513390
2176.937965  862.272997  354.771686
383.720713  324.772999  208.052383
63.443225  20.494668  16.917395
d_mean_MLS =================================== 
80.474552  323.780192 28.056738
155.161488  73.595225 19.777186
16.889241  18.286725 20.986328
87.211572  63.490094 25.013600
18.437164  17.047223 14.277985
16.925778  10.120011 5.911839
94.609807  212.128206 20.697399
3.792343  2.002393 0.833762
0.544115  0.405385 0.320646
d_std_LS =================================== 
6.287853  3.062312  1.511928
0.818598  0.678579  0.469060
0.409738  0.382631  0.369007
6.203827  3.146247  1.572053
0.883639  0.777505  0.580831
0.494378  0.447890  0.405693
7.279810  4.351254  2.639308
1.409904  1.136529  0.567949
0.382982  0.288594  0.227320
d_std_TLS =================================== 
30243.760771  37948.392959  6820.750227
1899.577698  3077.179951  498.603430
2011.775919  2251.789513  94.687178
15262.703326  39043.483683  9177.294121
5681.437469  4480.920005  1949.515421
712.602002  203.011714  10697.038778
79242.581528  24203.029143  7040.610533
12062.838109  11775.710195  14744.382886
2245.353022  293.919335  458.377434
d_std_MLS =================================== 
1295.251283  38829.765296 508.305903
19534.237112  7995.583119 1309.376183
438.521896  411.751385 790.969514
1486.896528  2125.396978 484.737042
282.954850  311.611605 226.959254
562.867087  256.842548 96.913707
1877.950522  21701.676852 197.180719
27.676060  3.361178 0.593473
0.390149  0.290598 0.229048
BER_MF1 ===================================== 
0.463400  0.423150 0.347100
0.210350  0.155500 0.023150
0.001700  0.000050 0.000000
0.464700  0.427600 0.348200
0.236300  0.203550 0.115850
0.064750  0.033500 0.015700
0.470600  0.460550 0.493250
0.500750  0.498750 0.498150
0.496500  0.499900 0.506850
BER_DD1 ===================================== 
0.471700  0.443900 0.389600
0.272250  0.232300 0.071350
0.013700  0.001200 0.000350
0.475800  0.448400 0.384250
0.278850  0.229500 0.069200
0.014450  0.001700 0.000100
0.465750  0.445950 0.385050
0.280450  0.237200 0.069450
0.013850  0.001450 0.000050
BER_MF ====================================== 
0.463400  0.423150 0.347100
0.210350  0.155500 0.023150
0.001700  0.000050 0.000000
0.464700  0.427600 0.348200
0.236300  0.203550 0.115850
0.064750  0.033500 0.015700
0.470600  0.460550 0.493250
0.500750  0.498750 0.498150
0.496500  0.499900 0.506850
BER_DD ====================================== 
0.471700  0.443900 0.389600
0.272250  0.232300 0.071350
0.013700  0.001200 0.000350
0.475800  0.448400 0.384250
0.278850  0.229500 0.069200
0.014450  0.001700 0.000100
0.465750  0.445950 0.385050
0.280450  0.237200 0.069450
0.013850  0.001450 0.000050
BER_LS ====================================== 
0.464600  0.426050 0.353850
0.219350  0.169750 0.029500
0.003100  0.000100 0.000000
0.467100  0.432400 0.357150
0.247550  0.210450 0.105950
0.040650  0.010550 0.002200
0.471150  0.454550 0.439700
0.364600  0.320950 0.157000
0.061500  0.019150 0.004000
BER_TLS ===================================== 
0.464200  0.425250 0.353450
0.226300  0.178150 0.062800
0.031900  0.024500 0.022650
0.466950  0.431100 0.356650
0.252100  0.216250 0.129900
0.090700  0.079300 0.064100
0.471750  0.453550 0.441700
0.367200  0.331250 0.249600
0.237550  0.237200 0.231350
BER_MLS ===================================== 
0.483750  0.461200 0.429750
0.344850  0.317500 0.194600
0.136300  0.102550 0.083850
0.480450  0.466500 0.420850
0.362150  0.335200 0.261800
0.185200  0.126850 0.076400
0.478950  0.470650 0.441300
0.363100  0.319550 0.160350
0.064800  0.019300 0.004000
