2002.000000 / 5.000000 / 22.000000 --  2.000000 : 21.000000 : 58.755000 
d_mean_LS =================================== 
332.847092  167.000407  83.175249
41.554182  33.264673  16.596562
11.113352  8.326027  6.610341
38.880576  19.479138  9.616460
4.872653  3.925113  1.988758
1.376553  1.072132  0.905924
18.869105  9.765025  5.448574
3.408492  3.056723  2.258812
2.074374  1.907375  1.857272
d_mean_TLS =================================== 
75689.311168  42929.489026  22420.755238
10832.083562  8911.450127  5506.641545
3586.096153  3026.522183  1756.004130
11090.162584  5324.289941  2262.319678
1087.899725  761.009004  423.307043
119.716196  96.841487  85.931516
2823.315810  2345.590227  458.856704
170.597902  97.759172  17.930937
7.261773  5.369126  3.636136
d_mean_MLS =================================== 
95076.562838  46313.366735 23196.454333
8498.322154  7826.611627 3896.828273
3985.248538  2446.884745 1603.852339
8836.039051  4404.765409 2650.860462
1426.795707  1442.412894 293.061197
331.701942  120.486262 58.181748
1034.124761  416.318031 102.945591
29.053963  18.896787 2.429190
2.117601  1.925264 1.866212
d_std_LS =================================== 
242.876103  122.859859  60.851672
30.488861  24.750994  12.130281
8.160873  6.131558  4.795005
24.589759  12.470379  6.022068
3.053910  2.472210  1.227758
0.820564  0.613777  0.504244
8.642542  4.369357  2.619438
2.262895  2.319807  2.451482
2.559331  2.579856  2.617549
d_std_TLS =================================== 
852704.997925  1148861.691097  409886.981419
152365.417871  133547.516056  151583.267009
114979.164879  89063.154970  29161.111283
285282.211153  154745.958951  62746.778732
18977.026556  14139.021602  15569.247752
1200.578894  1785.435336  3722.472171
110579.922751  170221.861612  9543.523766
3849.069471  1452.893723  204.161333
79.911240  75.106654  28.246657
d_std_MLS =================================== 
3414798.189883  1498544.947739 677282.631927
95495.377430  94681.693306 46481.532599
161759.707420  78560.561019 33442.369936
119976.871973  103847.861963 55195.362976
77097.417893  90088.452590 4821.282684
17333.533608  4863.452240 990.386163
41028.842687  7625.392212 1348.247082
768.168921  782.560396 2.401493
2.539849  2.571203 2.613010
BER_MF1 ===================================== 
0.457050  0.415550 0.346400
0.211250  0.158500 0.024050
0.001800  0.000050 0.000000
0.455950  0.419550 0.343450
0.236950  0.201800 0.114450
0.065100  0.033400 0.018050
0.467300  0.463100 0.486300
0.502850  0.495800 0.505050
0.499050  0.509150 0.502150
BER_DD1 ===================================== 
0.467150  0.440150 0.388500
0.276000  0.233200 0.070500
0.016050  0.001350 0.000100
0.466850  0.441750 0.380800
0.279850  0.230200 0.070650
0.014350  0.001700 0.000050
0.469550  0.434550 0.380900
0.278650  0.230800 0.070000
0.013400  0.001900 0.000000
BER_MF ====================================== 
0.460167  0.421050 0.347200
0.210850  0.158700 0.024083
0.001467  0.000050 0.000000
0.454317  0.421167 0.346567
0.239933  0.200150 0.113667
0.065000  0.033833 0.016450
0.467650  0.463183 0.487450
0.497900  0.498783 0.499300
0.498483  0.501217 0.501250
BER_DD ====================================== 
0.470417  0.442517 0.386333
0.277150  0.232233 0.071517
0.013883  0.001500 0.000067
0.467883  0.442950 0.380400
0.277267  0.227100 0.071067
0.014267  0.001783 0.000050
0.470967  0.438983 0.383783
0.278650  0.231033 0.070450
0.014017  0.001833 0.000167
BER_LS ====================================== 
0.467250  0.437133 0.377683
0.263050  0.216083 0.058067
0.009150  0.000983 0.000067
0.463850  0.439317 0.371100
0.265300  0.216550 0.067050
0.019067  0.006600 0.003050
0.469717  0.435517 0.390950
0.307200  0.268450 0.150183
0.120183  0.108450 0.108967
BER_TLS ===================================== 
0.480000  0.456617 0.420500
0.344933  0.314233 0.216350
0.177000  0.168783 0.161233
0.475650  0.457033 0.411633
0.342733  0.308733 0.205333
0.160633  0.130867 0.109350
0.475967  0.447733 0.412867
0.352117  0.320800 0.230567
0.187317  0.151567 0.132767
BER_MLS ===================================== 
0.478933  0.455767 0.418567
0.340083  0.307850 0.206633
0.166583  0.159867 0.152533
0.475483  0.459250 0.412167
0.342667  0.311400 0.209500
0.168317  0.139650 0.110850
0.479317  0.457883 0.427517
0.367633  0.333267 0.169100
0.123300  0.108733 0.108933
2002.000000 / 5.000000 / 22.000000 --  17.000000 : 37.000000 : 9.789000 
d_mean_LS =================================== 
472.003570  237.532046  118.313161
59.703739  47.211665  23.726412
15.834615  11.781276  9.474599
52.581571  26.169879  12.996510
6.552589  5.228507  2.622540
1.756451  1.308843  1.042464
21.616045  10.788159  5.406452
2.691706  2.164670  1.077455
0.719130  0.540044  0.430331
d_mean_TLS =================================== 
277699.589577  120898.538542  49728.196312
29422.557903  20633.750263  13055.138545
6882.998592  6681.357298  4805.009951
23874.650486  14595.776625  10493.298846
4305.627658  2345.213868  762.011878
444.419051  266.718572  177.457716
6883.553709  4662.364341  1290.584989
458.418365  236.863532  55.948650
21.965531  9.005099  7.188559
d_mean_MLS =================================== 
211173.329446  116199.635876 50623.745029
34921.260098  26065.478556 10311.551235
7404.281099  5572.911777 4744.617187
29477.251547  15197.445918 7792.106490
3116.269017  5129.730074 928.731347
383.245220  460.571346 139.684301
4955.238397  1108.346418 293.055498
54.400207  24.186945 1.534711
0.836287  0.584551 0.454394
d_std_LS =================================== 
282.456344  142.619470  70.025555
35.983601  28.411082  14.144393
9.452584  7.044185  5.683153
28.743505  14.108586  7.020311
3.561078  2.847495  1.419285
0.966350  0.714698  0.556872
9.031340  4.545915  2.257255
1.124343  0.905042  0.455185
0.300572  0.227028  0.180047
d_std_TLS =================================== 
5297937.153621  2458287.783342  528389.679205
424950.728590  150687.471800  185720.436204
73392.573923  97597.049394  80240.947213
403707.672140  458839.057477  631250.854505
132603.988233  77354.068287  9725.926129
6382.389312  6933.193169  3938.044001
129535.575329  226272.310800  22703.425183
7575.706810  2545.984909  852.867904
964.003540  148.787549  261.778393
d_std_MLS =================================== 
2146414.133780  1717223.787160 579613.164921
874207.627431  458367.393324 96779.277361
103657.076690  79333.559158 72063.908085
578399.743964  365931.263310 214999.263942
127419.551172  427813.447695 23888.388761
6098.356948  19003.488688 1740.957379
272017.922293  19750.336646 4358.840819
865.754970  387.730264 0.755681
0.357270  0.247450 0.190770
BER_MF1 ===================================== 
0.456950  0.418050 0.341200
0.210450  0.153700 0.024200
0.001600  0.000000 0.000000
0.456800  0.425600 0.358500
0.240400  0.202650 0.115600
0.063850  0.033900 0.016950
0.465350  0.464400 0.498750
0.498400  0.500500 0.501350
0.500200  0.500650 0.497050
BER_DD1 ===================================== 
0.466900  0.439200 0.379400
0.278700  0.227000 0.069900
0.012600  0.001350 0.000200
0.474300  0.441800 0.387850
0.274850  0.233000 0.069650
0.013600  0.001900 0.000100
0.475700  0.439250 0.391450
0.280650  0.235250 0.073450
0.014300  0.001500 0.000100
BER_MF ====================================== 
0.462283  0.417550 0.341783
0.212550  0.156183 0.024117
0.001417  0.000017 0.000000
0.458300  0.421867 0.351333
0.239950  0.202533 0.111433
0.065867  0.034883 0.016383
0.469933  0.464300 0.495450
0.499300  0.499217 0.502767
0.501117  0.499433 0.502017
BER_DD ====================================== 
0.472183  0.438400 0.380717
0.279133  0.231733 0.070367
0.012700  0.001450 0.000133
0.470200  0.440933 0.387500
0.278033  0.230167 0.071900
0.013050  0.001783 0.000083
0.474933  0.443317 0.385733
0.279800  0.232000 0.071833
0.014000  0.001933 0.000117
BER_LS ====================================== 
0.473133  0.435783 0.379067
0.272767  0.222583 0.062600
0.010500  0.001250 0.000067
0.469283  0.437517 0.383100
0.268817  0.222733 0.063433
0.010750  0.001367 0.000050
0.474517  0.439500 0.381217
0.270367  0.223300 0.063917
0.011267  0.001267 0.000083
BER_TLS ===================================== 
0.499833  0.498667 0.495817
0.486300  0.482950 0.470283
0.454900  0.445750 0.430717
0.497900  0.492317 0.487017
0.472100  0.461400 0.427817
0.388033  0.337667 0.281083
0.486050  0.468450 0.440617
0.391683  0.370483 0.277200
0.191383  0.115000 0.062767
BER_MLS ===================================== 
0.499400  0.493583 0.490483
0.477733  0.469933 0.447517
0.429933  0.421867 0.407850
0.494883  0.491333 0.491983
0.478200  0.467383 0.440333
0.406400  0.353067 0.286433
0.501033  0.495767 0.483817
0.439983  0.397450 0.114567
0.018283  0.001833 0.000117
